9063 6939 -1 -1 14987 14042 15950 15413 -1 -1 2138 -1 -1 12746 4946 11233 9063 4652 9063 14220 11233 1613 12707 4652 -1 -1 14315 12707 15573 12707 4946 12707 9063 4946 3596 9063 -1 -1 -1 6454 2138 3596 9063 -1 -1 15701 15573 12707 4946 14220 12746 3596 14220 2138 -1 -1 1390 12707 -1 -1 15573 2138 14220 9299 12707 -1 -1 14315 2138 6939 2443 2138 
14220 2138 4652 2138 14220 12707 15573 12746 12707 -1 -1 -1 4946 2138 -1 -1 4652 12707 15573 14289 2138 -1 -1 -1 2138 1613 8262 12746 1390 2138 15573 -1 -1 14315 12707 15573 1390 12746 4946 9299 2138 -1 -1 -1 12707 -1 -1 14315 9063 1390 15573 12707 -1 -1 -1 15701 1613 4946 1390 12707 6939 9063 4946 11233 12707 4652 -1 -1 1390 12707 
1613 4946 12746 8262 9063 15573 3596 12746 1390 12707 1390 9063 -1 -1 1390 2138 -1 -1 -1 14315 12707 15573 12707 4946 12707 -1 -1 2138 -1 -1 14315 15573 2138 6454 9063 11233 2138 -1 -1 15701 2138 12746 -1 -1 -1 15701 15573 1613 3596 11233 15573 12707 1390 2138 -1 -1 14315 9063 4652 2138 -1 -1 6939 2138 8262 12746 6939 9063 4946 11233 2138 
15701 9063 1390 9063 15573 12707 4652 12746 3596 11233 12707 -1 3033 1613 9063 -1 12746 6939 14315 9063 1390 12746 1613 -1 12707 -1 14220 15573 12746 12707 14220 12707 2138 -1 1390 12707 -1 1613 4946 12746 8262 9063 15573 3596 12746 1390 12707 1390 9063 -1 8262 12746 4946 11233 9063 -1 12707 4946 2138 3596 -1 1390 9063 14315 2138 12746 3596 -1 9063 6939 
14987 15950 14987 15413 -1 2138 -1 -1 9063 3596 11233 12707 1390 2138 -1 14220 2138 4946 11233 12707 8262 12707 -1 14220 2138 6939 -1 -1 1613 6939 -1 15573 9063 1390 1613 3134 12746 1390 2138 -1 4946 1613 6939 9063 15573 2138 -1 1390 9063 -1 -1 12746 4946 11233 9063 4652 9063 14220 11233 1613 12707 12746 3596 -1 12707 14315 9063 4946 12707 3596 
4946 2138 8262 9063 -1 6939 9063 1390 12746 14220 2138 3596 -1 -1 9063 -1 3033 1613 12707 11233 15573 2138 -1 -1 9063 4946 14289 9063 4946 9299 9063 12746 15573 2138 3596 -1 6939 12707 3596 -1 3596 9063 -1 -1 1390 9063 3596 9063 4946 8262 2138 4652 8262 12746 12707 -1 6939 1613 12746 11233 2138 -1 -1 1390 9063 8262 12746 1390 2138 -1 12707 
14315 15573 2138 1390 1613 14220 12707 2138 -1 1390 12707 -1 9063 15573 8262 12707 6939 12707 11233 9063 -1 12707 4652 9063 6939 -1 1390 12746 3596 3596 2138 -1 12707 -1 14289 1613 9063 15573 15573 12707 -1 1390 2138 -1 14220 2138 4946 11233 9063 3596 11233 12707 1390 2138 -1 15701 9063 3134 -1 14220 2138 6939 -1 3033 1613 9063 -1 12707 3596 
4652 12746 1390 9063 15573 12707 4946 14220 12707 3596 -1 14315 2138 4652 12746 11233 12746 14220 12707 3596 -1 3596 9063 -1 9063 6939 14315 9063 4946 9299 12707 3596 3596 9063 6939 -1 14315 9063 4652 12707 -1 14220 15573 12746 12707 14220 12707 2138 -1 1390 9063 -1 1613 6939 12707 -1 1613 4946 12746 8262 9063 15573 3596 12746 1390 12707 1390 9063 -1 1390 9063 
6939 2138 1390 2138 -1 12707 -1 -1 1390 12707 15573 -1 1613 6939 12707 -1 -1 12746 1390 9063 4946 11233 12746 1390 12707 1390 9063 -1 12707 2138 -1 -1 14315 2138 8262 2138 -1 14315 12707 15573 12707 4946 12707 9063 4946 3596 9063 -1 -1 4946 12707 -1 9063 3596 11233 9063 12746 15573 12707 -1 -1 1390 12707 -1 15573 9063 15701 2138 15573 6939 12707 
15573 12746 8262 12707 1390 12707 8262 12746 12707 -1 3033 1613 9063 -1 15573 9063 11233 12746 15573 12707 8262 12707 -1 1390 2138 -1 9063 3596 11233 12707 1390 2138 -1 12707 -1 2138 2443 15573 12746 14289 12707 14220 12707 2138 -1 1390 9063 -1 2138 15701 9063 15573 11233 12707 -1 1390 9063 -1 9063 4946 3596 12746 4946 2138 -1 9063 -1 1390 12707 8262 12707 
4652 12746 2443 9063 15573 1390 12707 1390 9063 -1 12707 -1 12746 4946 12746 14220 12746 12707 11233 12746 8262 12707 -1 14315 15573 12746 8262 12707 1390 12707 -1 1390 9063 -1 14220 15573 12746 12707 15573 -1 12746 4946 3596 11233 12746 11233 1613 12746 14220 2138 9063 3596 -1 1390 9063 -1 9063 4946 3596 12746 4946 2138 -1 3596 1613 14315 9063 15573 12746 2138 15573 
9063 4946 11233 15573 9063 -1 2138 1613 11233 15573 12707 3596 -1 -1 6939 9063 1390 12746 1390 12707 3596 -1 14315 2138 4652 9063 6939 12746 14220 12707 3596 -1 8262 12746 14220 11233 2138 15573 -1 -1 15701 9063 15573 15573 9063 12746 15573 12707 -1 1390 2138 -1 12707 6939 12707 15573 12707 4652 -1 -1 1390 9063 14315 1613 11233 12707 1390 2138 -1 9063 
1390 12746 15573 9063 11233 2138 15573 -1 1390 9063 -1 12746 4946 3596 11233 15573 1613 14220 12707 2138 -1 14315 1613 2443 4652 12746 14220 12707 -1 1390 2138 -1 14315 12707 15573 12707 4946 12707 -1 9063 -1 4946 12746 4652 2138 -1 14220 12707 12746 15573 2138 -1 1390 12707 -1 3596 12746 4652 8262 12707 -1 4652 12746 1390 9063 15573 12707 15573 12707 6939 
12707 -1 15701 1613 4946 1390 12707 14220 12707 2138 -1 1390 12707 -1 1613 4946 12746 8262 9063 15573 3596 12746 1390 12707 1390 9063 -1 1390 2138 -1 14315 12707 15573 12707 4946 12707 
